image: big_map.pgm
resolution: 0.100000
origin: [-99.500000, -96.500000, 0.000000]
negate: 0
occupied_thresh: 0.65
free_thresh: 0.196

