image: secondfloor0923.pgm
resolution: 0.100000
origin: [-20.800000, -49.600000, 0.000000]
negate: 0
occupied_thresh: 0.65
free_thresh: 0.196

